('D = ', [-0.006826033646489322, 0.003290436375447829, -0.008258079672306814, 0.0027167758854290507, 0.0])
('K = ', [589.7907231182387, 0.0, 633.9797921457591, 0.0, 589.6651459065582, 338.9386509305698, 0.0, 0.0, 1.0])
('R = ', [1.0, 0.0, 0.0, 0.0, 1.0, 0.0, 0.0, 0.0, 1.0])
('P = ', [593.5156860351562, 0.0, 640.029849328188, 0.0, 0.0, 592.9512329101562, 329.625676889591, 0.0, 0.0, 0.0, 1.0, 0.0])
None
# oST version 5.0 parameters


[image]

width
1280

height
720

[narrow_stereo]

camera matrix
589.790723 0.000000 633.979792
0.000000 589.665146 338.938651
0.000000 0.000000 1.000000

distortion
-0.006826 0.003290 -0.008258 0.002717 0.000000

rectification
1.000000 0.000000 0.000000
0.000000 1.000000 0.000000
0.000000 0.000000 1.000000

projection
593.515686 0.000000 640.029849 0.000000
0.000000 592.951233 329.625677 0.000000
0.000000 0.000000 1.000000 0.000000

